4945414995101523701
5372030271697467482
5384208742234342908
5758634692114544723
5143835547308418011
5481222367702763388
5379308238978555669
5123650164527725290
5096262620274986997
4860586447830132497
4964812159717880634
4993646013787473656
4613247710737688592
4762166895387517452
4778516964504654497
5441356848656742058
5754356768939327479
5174552332426311131
5328576681176056676
5194950287577037725
4787605837099924137
5465697158331952902
5040005018192078618
5035114420208360559
5594892056964176639
4726313588454290516
4808845403202360812
4841380011094693417
5279275880110390624
5116992810566119727
5213919359137473356
4695308432225117798
4981821143614415376
5161684462912502578
5745013003676329601
5097217626512158450
5010473777467769314